
__updateState_1:3.144457E-13
__updateState_2:2.294763E-13
__updateState_3:2.191576E-13
__updateState_4:2.198539E-13
d1:3.330670E-17
d2:1.665335E-19
delta1:1.110224E-16
delta2:1.110224E-16
x1:2.198539E-13
x2:2.191576E-13
x3:2.294763E-13
x4:3.144457E-13
