
__updateOutput_1:4.646184E-15
__updateOutput_2:1.572942E-15
__updateOutput_3:1.710077E-16
__updateOutput_4:3.049228E-16
d1:3.330670E-17
d2:1.665335E-19
delta1:1.110224E-16
delta2:1.110224E-16
x1:3.049228E-16
x2:1.710077E-16
x3:1.572942E-15
x4:4.646184E-15
y1:2.352068E-13
y2:6.519571E-13
