
__updateOutput_10:1.951817E-15
__updateOutput_11:4.573786E-16
__updateOutput_12:9.489632E-16
__updateOutput_13:5.349832E-16
__updateOutput_14:1.139633E-15
__updateOutput_15:1.039314E-15
__updateOutput_16:1.158307E-15
__updateOutput_1:1.031997E-15
__updateOutput_2:1.770473E-16
__updateOutput_3:2.085554E-16
__updateOutput_4:6.779799E-16
__updateOutput_5:4.125700E-16
__updateOutput_6:3.646417E-16
__updateOutput_7:2.833734E-16
__updateOutput_8:5.294987E-16
__updateOutput_9:6.009860E-16
d10:7.059465E-16
d1:1.974643E-17
d2:2.677747E-17
d3:4.568790E-17
d4:9.538371E-16
d5:1.527112E-17
d6:1.575518E-17
d7:4.002355E-17
d8:5.840107E-16
d9:9.842017E-16
x10:2.833734E-16
x11:3.646417E-16
x12:4.125700E-16
x13:6.779799E-16
x14:2.085554E-16
x15:1.770473E-16
x16:1.031997E-15
x1:1.158307E-15
x2:1.039314E-15
x3:1.139633E-15
x4:5.349832E-16
x5:9.489632E-16
x6:4.573786E-16
x7:1.951817E-15
x8:6.009860E-16
x9:5.294987E-16
y1:1.722271E-13
y2:2.375678E-13
y3:2.402908E-13
y4:1.329628E-13
