
__updateState_10:1.752915E-13
__updateState_11:1.471209E-13
__updateState_12:1.680394E-13
__updateState_13:1.414581E-13
__updateState_14:1.603789E-13
__updateState_15:1.660575E-13
__updateState_16:1.587635E-13
__updateState_1:1.408495E-13
__updateState_2:1.367513E-13
__updateState_3:1.331288E-13
__updateState_4:1.404930E-13
__updateState_5:1.374805E-13
__updateState_6:1.414911E-13
__updateState_7:1.411699E-13
__updateState_8:1.529184E-13
__updateState_9:1.513350E-13
d10:7.059465E-16
d1:1.974643E-17
d2:2.677747E-17
d3:4.568790E-17
d4:9.538371E-16
d5:1.527112E-17
d6:1.575518E-17
d7:4.002355E-17
d8:5.840107E-16
d9:9.842017E-16
x10:1.411699E-13
x11:1.414911E-13
x12:1.374805E-13
x13:1.404930E-13
x14:1.331288E-13
x15:1.367513E-13
x16:1.408495E-13
x1:1.587635E-13
x2:1.660575E-13
x3:1.603789E-13
x4:1.414581E-13
x5:1.680394E-13
x6:1.471209E-13
x7:1.752915E-13
x8:1.513350E-13
x9:1.529184E-13
