
__updateState_1:1.251975E-13
__updateState_2:4.951478E-14
__updateState_3:4.511582E-14
__updateState_4:4.616472E-14
d1:3.330670E-17
d2:1.665335E-19
x1:4.616472E-14
x2:4.511582E-14
x3:4.951478E-14
x4:1.251975E-13
