
__updateOutput_1:2.068679E-15
__updateOutput_2:7.569501E-16
__updateOutput_3:8.393287E-17
__updateOutput_4:2.662315E-16
d1:3.330670E-17
d2:1.665335E-19
x1:2.662315E-16
x2:8.393287E-17
x3:7.569501E-16
x4:2.068679E-15
y1:5.371901E-14
y2:3.622842E-13
